
    Variable |            N         Mean          p50           SD          Min          Max
-------------+------------------------------------------------------------------------------
          ri |    14269.000        0.005       -0.009        0.129       -0.728        2.546
          rf |    14269.000        0.002        0.002        0.001        0.001        0.004
       ri_rf |    14400.000        0.002       -0.010        0.129       -0.729        2.544
         mkt |    14400.000       -0.001       -0.001        0.058       -0.113        0.209
         smb |    14400.000        0.007        0.006        0.036       -0.097        0.089
         hml |    14400.000        0.001       -0.001        0.029       -0.068        0.090
--------------------------------------------------------------------------------------------
